__ __ _0 _1 _2 _3 _4 _5 _6 _7
・MIS Flashの初期化
C0 88 00 00 00 00 00 00 00 00

・SMF　初期化
C0 96 00 00 00 00 00 00 00 00

・Mission実行
    ・測定間隔
    ・終了電流:30mA(0x70)
    ・測定時間:1s (0x01)
C0 A0 00 64 9E 70 00 01 00 00		
C0 A1 00 10 00 07 60 00 01 00

・Flashからデータの取得
C0 86 00 7C 10 00 00 00 10 10

// PICLOG 
C0 86 00 01 00 00 00 00 02 00
007C1000
00281000
・環境試験 1sごと
// C0 A4 00 00 00 00 00 00 00 00
C0 A2 00 00 00 00 00 00 00 00
・　メモリダンプ
 C0 86 00 32 10 00 00 00 10 00
 C0 86 00 00 00 00 00 00 10 00
C0 86 00 7C 10 00 00 00 10 38
0x00321000

・SMFからデータ取得
C0 91 07  00 05 05 00


COM 
C0 88 00 00 00 00 00 00 00 00

17:21開始


FF FF 00 00 00 00 AD 00 3B 76 4B 51 75 B7 00 38 03 01 18 01 00 18 03 02 38 03 00 18 01 05 18 01 04 38 01 06 38 03 00 58 01 08 38 03 08 18 03 0A 18 03 08 18 03 0C 18 01 0C 18 01 0E 58 03 00 50
00 58 01 10 58 01 10 58 03 12 38 01 10 38 01 14 58 01 14 58 01 16 58 03 10 98 01 18 58 01 18 78 03 1A 58 01 18 58 03 1C 58 01 1C 58 01 1E 98 03 00 98 03 20 98 03 20 58 03 22 78 01 20 78 01 74
24 78 01 24 78 03 26 78 01 20 98 01 28 78 01 28 58 01 2A 58 01 28 38 01 2C 58 01 2C 78 01 2E 58 01 20 98 03 30 58 03 30 58 01 33 18 03 30 38 01 34 58 01 34 58 01 36 78 01 30 78 01 38 78 01 02
38 58 01 3B 18 03 38 38 01 3D 18 01 3C 78 01 3F 18 01 00 98 01 41 18 01 42 18 01 43 18 03 44 18 01 45 18 01 46 18 01 47 18 01 48 18 01 48 78 01 4A 18 01 4B 18 01 4C 18 01 4D 18 01 4E 18 01 06
4F 18 01 40 78 01 51 18 01 52 18 01 53 18 01 54 18 01 55 18 01 56 18 01 57 18 01 58 18 01 59 18 01 5A 38 03 5B 38 01 5C 18 01 5D 38 01 5E 38 01 5F 38 01 60 18 01 61 38 01 62 18 01 63 58 01 C2
64 38 01 65 38 01 66 38 01 67 18 01 68 38 01 69 18 01 6A 18 01 6B 58 01 6C 38 01 6D 50 01 6E 38 01 6F 18 01 70 38 01 71 38 01 72 58 01 73 58 01 74 58 01 75 18 01 76 38 01 77 38 01 78 38 01 20
79 38 01 7A 38 01 7B 58 01 7C 58 01 7D 58 01 7E 58 01 7F 50 01 80 58 01 81 50 01 82 70 01 83 78 01 84 50 01 85 58 01 86 58 01 87 58 01 88 58 01 89 58 01 8A 18 01 8B 50 01 8C 58 01 8D 58 01 C0
8E 50 01 8F 18 01 90 38 01 91 30 01 92 58 01 93 18 01 94 10 03 95 50 01 96 50 01 97 58 01 98 18 01 99 38 01 9A 38 01 9B 18 01 9C 50 01 9D 50 01 9E 50 01 9F 58 01 A0 50 01 A1 50 01 A2 50 01 4A
A3 58 01 A4 58 01 A5 50 03 A6 30 03 A7 30 01 A8 38 01 A9 30 01 AA 30 01 AB 50 01 AC 18 01 AD 50 01 AE 10 01 AF 30 01 B0 10 01 B1 30 01 B2 58 01 B3 50 01 B4 50 01 B5 50 01 B6 37 FF B7 50 01 0A
B8 10 01 B9 30 01 BA 50 01 BB 57 FF BC 50 01 BD 50 01 BE 50 01 BF 30 01 C0 10 01 C1 50 01 C2 50 01 C3 57 FF C4 50 01 C5 17 FF C6 10 01 C7 17 FD C8 10 01 C9 10 01 CA 10 01 CB 58 01 CC 37 FF 64
CD 37 FF CE 10 01 CF 10 01 D0 17 FF D1 10 01 D2 10 01 D3 10 01 D4 17 FF D5 37 FF D6 17 FD D7 10 01 D0 57 FF D9 10 01 DA 10 01 DB 17 FD DC 17 FD DD 17 FF DE 10 01 DF 17 FF E0 10 01 E1 10 01 80
E2 10 01 E3 17 FF E4 30 01 E5 10 01 E4 57 FD E6 50 01 E0 37 FF E8 57 FD E8 37 FD EA 50 01 EC 10 01 EC 57 FF EC 57 FD EE 30 01 E0 17 FF F0 10 01 F0 37 FD F2 37 FF F0 37 FD F4 30 01 F4 10 01 08
F6 17 FF F0 10 01 F8 17 FF F8 10 01 FA 17 FD F8 37 FD FC 17 FF FC 17 FF 00 00 00 00 00 00 00 00 00 00 00 00 00 00 00 00 00 00 00 00 00 00 00 00 00 00 00 00 00 00 00 00 00 00 00 00 00 00 00 00

1. SMF init
00 00 10 91 00 00 00 00 08 00 00 00

2. Boot sec の変更
00 00 50 84 10 00 00 00 00 00 00 00

3. MISF init
00 00 C0 88 00 00 00 00 00 00 00 00

4. Mission
00 00 C0 A4 00 10 00 00 70 00 01 00

5. SCF
00 00 20 01 00 00 00 00 00 40 40 00
                              ↓ データ長
                           ↓ パケット数

6. SMF Dump
// ヘッダー
00 00 10 88 06 AA 00 00 06 AA 00 40
// データ
00 00 10 88 06 BE 20 00 06 BF 71 7F