// MIF
00321000 : FF F1 00 00 00 0F 96 D8 29 AF 35 B7 00 38 03 00 F8 03 01 F8 03 02 F8 01 03 F8 03 04 F8 03 05 F8 03 06 F8 03 07 F8 01 08 F8 03 09 F8 03 0A D8 03 0B F8 03 0C D8 03 0D D8 01 0E D8 03 0F D8 03 52
00321040 : 32 D8 01 33 F8 03 34 D8 03 35 F8 03 36 F8 01 37 F8 01 38 F8 03 39 F8 03 3B 18 03 3B F8 01 3C F8 03 3D F8 03 3F 18 03 3F F8 01 40 F8 01 41 F8 03 43 18 01 44 18 03 45 18 03 46 18 03 47 18 03 5A
00321080 : 48 18 01 49 18 03 4A 18 01 4B 18 03 4C 18 01 4D 18 03 4E 18 01 4F 18 03 50 18 03 51 18 03 52 18 01 52 F8 01 53 F8 01 54 F8 03 56 18 03 57 18 01 58 18 03 59 38 03 5A 18 03 5B 18 03 5C 18 03 80
003210C0 : 5D 38 01 5E 38 03 5F 38 03 60 18 03 61 18 03 62 38 03 63 38 03 64 38 03 65 58 03 66 38 03 67 58 03 68 18 03 69 38 03 6A 38 03 6B 58 01 6C 58 01 6D 58 03 6E 58 01 6F 58 03 70 38 03 71 58 03 46
00321100 : 72 58 03 73 58 03 74 58 03 75 38 01 76 38 01 77 38 03 78 38 03 79 38 03 7A 58 03 7B 58 03 7C 58 03 7D 58 01 7E 58 03 7F 58 03 80 58 01 81 58 01 82 58 01 83 78 03 84 57 FF 00 00 00 00 00 00 6D
00321140 : FF F1 00 00 00 0F A3 59 85 C4 B5 B7 00 38 03 01 18 01 02 18 01 03 18 01 03 F8 01 04 F8 01 05 F8 03 06 F8 01 07 F8 01 08 F8 03 09 D8 01 0A F8 03 0B F8 03 0C D8 03 0D F8 03 0E D8 03 0F F8 03 40
00321180 : 32 F8 01 33 F8 01 34 F8 01 35 F8 01 36 F8 03 37 F8 03 38 F8 03 39 F8 03 3B 18 03 3B F8 03 3C F8 03 3E 18 03 3F 18 01 40 18 01 41 18 01 42 18 03 42 F8 03 44 18 03 45 18 03 46 18 03 47 18 03 C5
003211C0 : 48 18 03 49 18 03 4A 18 03 4B 18 01 4C 18 03 4D 18 03 4E 18 03 4F 18 03 4F F8 03 51 18 01 52 18 03 53 18 01 54 18 03 55 18 03 56 18 03 57 18 01 58 18 03 59 18 03 5A 18 03 5B 38 01 5C 18 03 9A
00321200 : 5D 38 03 5E 18 03 5F 38 01 60 18 03 61 18 03 62 38 01 63 38 01 64 38 01 65 38 01 66 38 03 67 18 01 68 18 03 69 38 01 6A 38 03 6B 58 03 6C 58 03 6D 58 01 6E 38 03 6F 38 03 70 38 03 71 38 01 24
00321240 : 72 38 03 73 58 01 74 58 03 75 58 03 76 58 03 77 38 01 78 38 01 79 38 01 7A 58 03 7B 58 03 7C 58 03 7D 58 01 7E 58 03 7F 58 03 80 38 03 81 58 03 82 78 03 83 58 03 84 58 01 85 58 01 86 57 FF 6C
00321280 : FF F1 00 00 00 0F 9E 59 4B BD D5 B7 00 58 03 00 F8 03 01 F8 03 03 18 03 03 F8 03 04 F8 03 05 F8 03 06 F8 03 07 F8 03 08 F8 01 09 F8 01 0A D8 03 0B F8 03 0C D8 03 0D D8 03 0E D8 03 0F D8 03 C8
003212C0 : 32 D8 03 33 F8 03 34 F8 03 35 F8 01 36 F8 03 37 F8 03 38 F8 01 3A 18 01 3A F8 01 3C 18 01 3D 18 01 3E 18 03 3F 18 03 40 18 01 41 18 03 42 18 01 43 18 01 44 18 03 45 18 01 46 18 01 47 18 01 02
00321300 : 48 18 03 49 18 03 4A 18 03 4B 18 03 4C 18 03 4D 18 03 4E 18 01 4F 18 01 50 18 01 51 18 01 52 18 03 53 18 03 54 18 03 54 F8 03 56 18 03 57 18 03 58 18 01 59 18 01 5A 38 03 5B 18 01 5C 38 03 A4
00321340 : 5D 18 03 5E 38 01 5F 18 03 60 18 03 61 18 03 62 38 03 63 38 03 64 38 03 65 38 03 66 38 01 67 38 03 68 18 01 69 38 01 6A 38 03 6B 58 01 6C 58 03 6D 38 03 6E 58 01 6F 38 03 70 38 03 71 38 01 24
00321380 : 72 58 03 73 58 01 74 58 03 75 58 03 76 58 01 77 58 01 78 38 03 79 58 01 7A 38 01 7B 58 03 7C 58 03 7D 58 03 7E 58 03 7F 58 03 80 58 03 81 58 01 82 78 01 83 58 03 84 78 03 85 58 01 86 78 03 FD


           // SMF
           FF F1 00 00 00 0F 96 D8 29 AF 35 B7 00 38 03 00 F8 03 01 F8 03 02 F8 01 03 F8 03 04 F8 03 05 F8 03 06 F8 03 07 F8 01 08 F8 03 09 F8 03 0A D8 03 0B F8 03 0C D8 03 0D D8 01 0E D8 03 0F D8 03 52
           32 D8 01 33 F8 03 34 D8 03 35 F8 03 36 F8 01 37 F8 01 38 F8 03 39 F8 03 3B 18 03 3B F8 01 3C F8 03 3D F8 03 3F 18 03 3F F8 01 40 F8 01 41 F8 03 43 18 01 44 18 03 45 18 03 46 18 03 47 18 03 5A
           48 18 01 49 18 03 4A 18 01 4B 18 03 4C 18 01 4D 18 03 4E 18 01 4F 18 03 50 18 03 51 18 03 52 18 01 52 F8 01 53 F8 01 54 F8 03 56 18 03 57 18 01 58 18 03 59 38 03 5A 18 03 5B 18 03 5C 18 03 80
           5D 38 01 5E 38 03 5F 38 03 60 18 03 61 18 03 62 38 03 63 38 03 64 38 03 65 58 03 66 38 03 67 58 03 68 18 03 69 38 03 6A 38 03 6B 58 01 6C 58 01 6D 58 03 6E 58 01 6F 58 03 70 38 03 71 58 03 46
           72 58 03 73 58 03 74 58 03 75 38 01 76 38 01 77 38 03 78 38 03 79 38 03 7A 58 03 7B 58 03 7C 58 03 7D 58 01 7E 58 03 7F 58 03 80 58 01 81 58 01 82 58 01 83 78 03 84 57 FF 00 00 00 00 00 00 6D
           FF F1 00 00 00 0F A3 59 85 C4 B5 B7 00 38 03 01 18 01 02 18 01 03 18 01 03 F8 01 04 F8 01 05 F8 03 06 F8 01 07 F8 01 08 F8 03 09 D8 01 0A F8 03 0B F8 03 0C D8 03 0D F8 03 0E D8 03 0F F8 03 40
           32 F8 01 33 F8 01 34 F8 01 35 F8 01 36 F8 03 37 F8 03 38 F8 03 39 F8 03 3B 18 03 3B F8 03 3C F8 03 3E 18 03 3F 18 01 40 18 01 41 18 01 42 18 03 42 F8 03 44 18 03 45 18 03 46 18 03 47 18 03 C5
           48 18 03 49 18 03 4A 18 03 4B 18 01 4C 18 03 4D 18 03 4E 18 03 4F 18 03 4F F8 03 51 18 01 52 18 03 53 18 01 54 18 03 55 18 03 56 18 03 57 18 01 58 18 03 59 18 03 5A 18 03 5B 38 01 5C 18 03 9A
           5D 38 03 5E 18 03 5F 38 01 60 18 03 61 18 03 62 38 01 63 38 01 64 38 01 65 38 01 66 38 03 67 18 01 68 18 03 69 38 01 6A 38 03 6B 58 03 6C 58 03 6D 58 01 6E 38 03 6F 38 03 70 38 03 71 38 01 24
           72 38 03 73 58 01 74 58 03 75 58 03 76 58 03 77 38 01 78 38 01 79 38 01 7A 58 03 7B 58 03 7C 58 03 7D 58 01 7E 58 03 7F 58 03 80 38 03 81 58 03 82 78 03 83 58 03 84 58 01 85 58 01 86 57 FF 6C
           FF F1 00 00 00 0F 9E 59 4B BD D5 B7 00 58 03 00 F8 03 01 F8 03 03 18 03 03 F8 03 04 F8 03 05 F8 03 06 F8 03 07 F8 03 08 F8 01 09 F8 01 0A D8 03 0B F8 03 0C D8 03 0D D8 03 0E D8 03 0F D8 03 C8
           32 D8 03 33 F8 03 34 F8 03 35 F8 01 36 F8 03 37 F8 03 38 F8 01 3A 18 01 3A F8 01 3C 18 01 3D 18 01 3E 18 03 3F 18 03 40 18 01 41 18 03 42 18 01 43 18 01 44 18 03 45 18 01 46 18 01 47 18 01 02
           48 18 03 49 18 03 4A 18 03 4B 18 03 4C 18 03 4D 18 03 4E 18 01 4F 18 01 50 18 01 51 18 01 52 18 03 53 18 03 54 18 03 54 F8 03 56 18 03 57 18 03 58 18 01 59 18 01 5A 38 03 5B 18 01 5C 38 03 A4
           5D 18 03 5E 38 01 5F 18 03 60 18 03 61 18 03 62 38 03 63 38 03 64 38 03 65 38 03 66 38 01 67 38 03 68 18 01 69 38 01 6A 38 03 6B 58 01 6C 58 03 6D 38 03 6E 58 01 6F 38 03 70 38 03 71 38 01 24
           72 58 03 73 58 01 74 58 03 75 58 03 76 58 01 77 58 01 78 38 03 79 58 01 7A 38 01 7B 58 03 7C 58 03 7D 58 03 7E 58 03 7F 58 03 80 58 03 81 58 01 82 78 01 83 58 03 84 78 03 85 58 01 86 78 03 FD
           87 58 03 88 38 03 89 58 01 8A 58 03 8B 58 01 8C 58 01 8D 58 01 8E 58 03 8F 58 03 90 58 01 91 38 03 92 58 03 93 58 03 94 58 03 95 58 01 96 58 03 97 38 01 98 38 03 99 38 03 9A 58 01 9B 58 01 BE
           9C 58 03 9D 58 03 9E 38 01 9F 58 01 A0 58 03 A1 58 01 A2 38 03 A3 58 03 A4 58 03 A5 58 03 A6 58 01 A7 38 03 A8 38 03 A9 38 01 AA 38 00 AB 58 03 AC 58 03 AD 38 01 AE 38 01 AF 38 03 B0 38 03 EA
           B1 38 03 B2 58 03 B3 58 01 B4 78 03 B5 78 03 B6 58 01 B7 38 03 B8 38 01 B9 38 03 BA 38 01 BB 58 01 BC 58 03 BD 57 FF 00 00 00 00 00 00 00 00 00 00 00 00 00 00 00 00 00 00 00 00 00 00 00 00 7B
           FF F2 00 00 00 0F A3 79 E1 C6 15 B7 00 38 03 00 F8 01 02 18 03 02 F8 01 03 F8 03 04 F8 01 05 F8 03 06 F8 03 07 F8 03 08 F8 03 09 F8 03 0A F8 03 0B F8 01 0C D8 03 0D D8 01 0E D8 03 0F D8 03 87
           32 F8 03 33 F8 03 34 F8 03 35 F8 03 36 F8 03 37 F8 03 38 F8 03 3A 18 03 3A F8 01 3B F8 03 3D 18 03 3D F8 03 3E F8 03 3F F8 03 41 18 03 42 18 03 43 18 03 44 18 03 45 18 03 46 18 03 47 18 03 5A
           48 18 03 49 18 01 4A 18 03 4B 18 03 4C 18 03 4D 18 03 4E 18 01 4F 18 03 50 18 03 51 18 03 52 18 03 53 18 03 54 18 03 55 18 01 56 18 03 57 18 03 58 18 03 59 18 03 5A 18 01 5B 18 03 5C 38 03 67
           5D 38 01 5E 38 01 5F 38 03 60 18 01 61 38 03 62 38 01 63 38 01 64 38 01 65 38 01 66 38 03 67 38 01 68 38 03 69 38 03 6A 38 01 6B 58 03 6C 38 01 6D 38 01 6E 58 01 6F 58 03 70 38 01 71 38 03 24
           72 58 01 73 58 01 74 58 03 75 38 03 76 58 01 77 58 01 78 38 03 79 58 03 7A 38 03 7B 58 01 7C 58 01 7D 58 03 7E 58 03 7F 58 03 80 58 01 81 38 03 82 58 03 83 78 01 84 78 01 85 78 03 86 78 01 DD
           87 58 03 88 58 03 89 38 03 8A 58 01 8B 58 03 8C 58 03 8D 58 03 8E 58 03 8F 58 03 90 38 03 91 38 03 92 58 03 93 58 03 94 58 03 95 38 01 96 38 03 97 38 03 98 18 01 99 38 03 9A 58 01 9B 58 01 FE
           9C 58 03 9D 58 03 9E 58 01 9F 58 03 A0 38 03 A1 38 01 A2 58 01 A3 58 03 A4 58 01 A5 58 01 A6 38 03 A7 38 03 A8 38 03 A9 38 03 AA 38 02 AB 58 03 AC 58 01 AD 58 03 AE 38 03 AF 58 03 B0 38 01 88
           B1 38 01 B2 58 01 B3 78 03 B4 58 01 B5 58 03 B6 58 03 B7 38 01 B8 38 01 B9 38 03 BA 58 03 BB 57 FF 00 00 00 00 00 00 00 00 00 00 00 00 00 00 00 00 00 00 00 00 00 00 00 00 00 00 00 00 00 00 3A
           FF F2 00 00 00 0F A7 5A 59 CD 55 B7 00 58 03 00 F8 03 02 18 03 02 F8 03 04 18 03 04 F8 01 05 F8 01 06 F8 03 07 F8 03 08 D8 01 09 F8 03 0A F8 03 0B D8 01 0C F8 03 0D F8 03 0E D8 03 0F F8 03 F6
           